18.5340	10	133.33	0.00	0.00
18.5650	10	133.33	0.00	0.00
18.5940	10	133.33	0.00	0.00
18.6250	10	133.33	0.00	0.00
18.6550	10	133.33	0.00	0.00
18.6840	10	133.33	0.00	0.00
18.7150	10	133.33	0.00	0.00
18.7450	10	133.33	0.00	0.00
18.7760	10	133.33	0.00	0.00
18.8050	10	133.33	0.00	0.00
18.8360	10	133.33	0.00	0.00
18.8660	11	133.33	13.33	200.00
18.8990	10	133.33	0.00	0.00
18.9290	10	133.33	0.00	0.00
18.9600	10	133.33	0.00	0.00
18.9900	10	133.33	0.00	0.00
19.0200	10	133.33	0.00	0.00
19.0500	10	133.33	0.00	0.00
19.0800	10	133.33	0.00	0.00
19.1100	10	133.33	0.00	0.00
19.1400	10	133.33	0.00	0.00
19.1710	10	133.33	0.00	0.00
19.2010	10	133.33	0.00	0.00
19.2310	10	133.33	0.00	0.00
19.2610	10	133.33	0.00	0.00
19.2920	10	133.33	0.00	0.00
19.3210	10	133.33	0.00	0.00
19.3520	10	133.33	0.00	0.00
19.3820	10	133.33	0.00	0.00
19.4110	10	133.33	0.00	0.00
19.4420	10	133.33	0.00	0.00
19.4720	10	133.33	0.00	0.00
19.5030	10	133.33	0.00	0.00
19.5320	10	133.33	0.00	0.00
19.5630	10	133.33	0.00	0.00
19.5930	10	133.33	0.00	0.00
19.6230	10	133.33	0.00	0.00
19.6530	10	133.33	0.00	0.00
19.6830	10	133.33	0.00	0.00
19.7140	10	133.33	0.00	0.00
19.7430	10	133.33	0.00	0.00
19.7740	10	133.33	0.00	0.00
19.8040	10	133.33	0.00	0.00
19.8340	10	133.33	0.00	0.00
19.8640	10	133.33	0.00	0.00
19.8950	10	133.33	0.00	0.00
19.9240	10	133.33	0.00	0.00
19.9550	10	133.33	0.00	0.00
19.9850	10	133.33	0.00	0.00
20.0150	10	133.33	0.00	0.00
20.0450	10	133.33	0.00	0.00
20.0750	10	133.33	0.00	0.00
20.1060	10	133.33	0.00	0.00
20.1350	10	133.33	0.00	0.00
20.1660	10	133.33	0.00	0.00
20.1960	10	133.33	0.00	0.00
20.2270	10	133.33	0.00	0.00
20.2560	10	133.33	0.00	0.00
20.2870	10	133.33	0.00	0.00
20.3170	10	133.33	0.00	0.00
20.3460	10	133.33	0.00	0.00
20.3770	10	133.33	0.00	0.00
20.4070	10	133.33	0.00	0.00
20.4380	10	133.33	0.00	0.00
20.4670	10	133.33	0.00	0.00
20.4980	10	133.33	0.00	0.00
20.5280	10	133.33	0.00	0.00
20.5580	10	133.33	0.00	0.00
20.5880	10	133.33	0.00	0.00
20.6190	10	133.33	0.00	0.00
20.6480	10	133.33	0.00	0.00
20.6780	10	133.33	0.00	0.00
20.7090	10	133.33	0.00	0.00
20.7390	10	133.33	0.00	0.00
20.7690	10	133.33	0.00	0.00
20.7990	10	133.33	0.00	0.00
20.8300	10	133.33	0.00	0.00
20.8590	10	133.33	0.00	0.00
20.8900	10	133.33	0.00	0.00
20.9200	10	133.33	0.00	0.00
20.9510	10	133.33	0.00	0.00
20.9800	10	133.33	0.00	0.00
21.0100	10	133.33	0.00	0.00
21.0410	10	133.33	0.00	0.00
21.0700	10	133.33	0.00	0.00
21.1010	10	133.33	0.00	0.00
21.1310	10	133.33	0.00	0.00
21.1610	10	133.33	0.00	0.00
21.1910	10	133.33	0.00	0.00
21.2220	10	133.33	0.00	0.00
21.2520	10	133.33	0.00	0.00
21.2820	10	133.33	0.00	0.00
21.3120	10	133.33	0.00	0.00
21.3420	10	133.33	0.00	0.00
21.3720	10	133.33	0.00	0.00
21.4020	10	133.33	0.00	0.00
21.4330	10	133.33	0.00	0.00
21.4630	10	133.33	0.00	0.00
21.4930	10	133.33	0.00	0.00
21.5230	10	133.33	0.00	0.00
21.5540	10	133.33	0.00	0.00
21.5830	10	133.33	0.00	0.00
21.6130	10	133.33	0.00	0.00
21.6440	10	133.33	0.00	0.00
21.6730	10	133.33	0.00	0.00
21.7040	10	133.33	0.00	0.00
21.7340	10	133.33	0.00	0.00
21.7650	10	133.33	0.00	0.00
21.7940	10	133.33	0.00	0.00
21.8250	10	133.33	0.00	0.00
21.8550	10	133.33	0.00	0.00
21.8850	10	133.33	0.00	0.00
21.9150	10	133.33	0.00	0.00
21.9450	10	133.33	0.00	0.00
21.9760	10	133.33	0.00	0.00
22.0050	10	133.33	0.00	0.00
22.0360	10	133.33	0.00	0.00
22.0660	10	133.33	0.00	0.00
22.0960	10	133.33	0.00	0.00
22.1260	10	133.33	0.00	0.00
22.1570	10	133.33	0.00	0.00
22.1870	10	133.33	0.00	0.00
22.2170	10	133.33	0.00	0.00
22.2470	10	133.33	0.00	0.00
22.2770	10	133.33	0.00	0.00
22.3070	10	133.33	0.00	0.00
22.3370	10	133.33	0.00	0.00
22.3680	10	133.33	0.00	0.00
22.3970	10	133.33	0.00	0.00
22.4280	10	133.33	0.00	0.00
22.4580	10	133.33	0.00	0.00
22.4890	10	133.33	0.00	0.00
22.5180	10	133.33	0.00	0.00
22.5490	10	133.33	0.00	0.00
22.5790	10	133.33	0.00	0.00
22.6080	10	133.33	0.00	0.00
22.6390	10	133.33	0.00	0.00
22.6690	10	133.33	0.00	0.00
22.7000	10	133.33	0.00	0.00
22.7290	10	133.33	0.00	0.00
22.7600	10	133.33	0.00	0.00
22.7900	10	133.33	0.00	0.00
22.8200	10	133.33	0.00	0.00
22.8500	10	133.33	0.00	0.00
22.8810	10	133.33	0.00	0.00
22.9100	10	133.33	0.00	0.00
22.9400	10	133.33	0.00	0.00
22.9710	10	133.33	0.00	0.00
23.0010	10	133.33	0.00	0.00
23.0310	10	133.33	0.00	0.00
23.0610	10	133.33	0.00	0.00
23.0920	10	133.33	0.00	0.00
23.1210	10	133.33	0.00	0.00
23.1520	10	133.33	0.00	0.00
23.1820	10	133.33	0.00	0.00
23.2130	10	133.33	0.00	0.00
23.2420	10	133.33	0.00	0.00
23.2720	10	133.33	0.00	0.00
23.3030	10	133.33	0.00	0.00
23.3320	10	133.33	0.00	0.00
23.3630	10	133.33	0.00	0.00
23.3930	10	133.33	0.00	0.00
23.4240	10	133.33	0.00	0.00
23.4530	10	133.33	0.00	0.00
23.4840	10	133.33	0.00	0.00
23.5140	10	133.33	0.00	0.00
23.5430	10	133.33	0.00	0.00
23.5740	10	133.33	0.00	0.00
23.6040	10	133.33	0.00	0.00
23.6340	10	133.33	0.00	0.00
23.6640	10	133.33	0.00	0.00
23.6950	10	133.33	0.00	0.00
23.7250	10	133.33	0.00	0.00
23.7550	10	133.33	0.00	0.00
23.7850	10	133.33	0.00	0.00
23.8160	10	133.33	0.00	0.00
23.8450	10	133.33	0.00	0.00
23.8750	10	133.33	0.00	0.00
23.9060	10	133.33	0.00	0.00
23.9360	10	133.33	0.00	0.00
23.9660	10	133.33	0.00	0.00
23.9960	10	133.33	0.00	0.00
24.0270	10	133.33	0.00	0.00
24.0560	10	133.33	0.00	0.00
24.0870	10	133.33	0.00	0.00
24.1170	10	133.33	0.00	0.00
24.1470	10	133.33	0.00	0.00
24.1770	10	133.33	0.00	0.00
24.2070	10	133.33	0.00	0.00
24.2380	10	133.33	0.00	0.00
24.2670	10	133.33	0.00	0.00
24.2980	10	133.33	0.00	0.00
24.3280	10	133.33	0.00	0.00
24.3580	10	133.33	0.00	0.00
24.3880	10	133.33	0.00	0.00
24.4190	10	133.33	0.00	0.00
24.4490	10	133.33	0.00	0.00
24.4790	10	133.33	0.00	0.00
24.5090	10	133.33	0.00	0.00
24.5390	10	133.33	0.00	0.00
24.5690	10	133.33	0.00	0.00
24.5990	10	133.33	0.00	0.00
24.6300	10	133.33	0.00	0.00
24.6590	10	133.33	0.00	0.00
24.6900	10	133.33	0.00	0.00
24.7200	10	133.33	0.00	0.00
24.7510	10	133.33	0.00	0.00
24.7800	10	133.33	0.00	0.00
24.8110	10	253.33	120.00	200.00
24.8450	10	253.33	120.00	200.00
24.8800	10	253.33	120.00	200.00
24.9130	10	253.33	120.00	200.00
24.9480	11	253.33	106.67	200.00
24.9820	11	253.33	106.67	200.00
25.0170	12	253.33	93.33	200.00
25.0500	13	253.33	80.00	200.00
25.0830	14	253.33	66.67	200.00
25.1160	14	253.33	66.67	200.00
25.1500	15	253.33	53.33	200.00
25.1830	16	253.33	40.00	200.00
25.2170	17	253.33	26.67	200.00
25.2500	18	253.33	13.33	200.00
25.2830	19	253.33	0.00	0.00
25.3140	21	253.33	26.67	200.00
25.3470	22	253.33	40.00	200.00
25.3800	22	253.33	40.00	200.00
25.4130	23	253.33	53.33	200.00
25.4470	23	253.33	53.33	200.00
25.4800	23	253.33	53.33	200.00
25.5130	23	253.33	53.33	200.00
25.5460	23	253.33	53.33	200.00
25.5800	23	253.33	53.33	200.00
25.6130	22	253.33	40.00	200.00
25.6470	21	253.33	26.67	200.00
25.6790	20	253.33	13.33	200.00
25.7130	20	253.33	13.33	200.00
25.7460	19	253.33	0.00	0.00
25.7760	18	253.33	13.33	200.00
25.8090	17	253.33	26.67	200.00
25.8420	16	253.33	40.00	200.00
25.8760	15	253.33	53.33	200.00
25.9090	15	253.33	53.33	200.00
25.9430	14	253.33	66.67	200.00
25.9750	14	253.33	66.67	200.00
26.0090	14	253.33	66.67	200.00
26.0420	14	253.33	66.67	200.00
26.0760	15	253.33	53.33	200.00
26.1080	15	253.33	53.33	200.00
26.1420	16	253.33	40.00	200.00
26.1750	16	253.33	40.00	200.00
26.2090	17	253.33	26.67	200.00
26.2430	18	253.33	13.33	200.00
26.2750	19	253.33	0.00	0.00
26.3060	20	253.33	13.33	200.00
26.3390	21	253.33	26.67	200.00
26.3730	22	253.33	40.00	200.00
26.4050	23	253.33	53.33	200.00
26.4390	23	253.33	53.33	200.00
26.4720	23	253.33	53.33	200.00
26.5060	23	253.33	53.33	200.00
26.5390	22	253.33	40.00	200.00
26.5720	22	253.33	40.00	200.00
26.6050	22	253.33	40.00	200.00
26.6390	21	253.33	26.67	200.00
26.6720	20	253.33	13.33	200.00
26.7040	19	253.33	0.00	0.00
26.7350	18	253.33	13.33	200.00
26.7680	17	253.33	26.67	200.00
26.8020	16	253.33	40.00	200.00
26.8340	16	253.33	40.00	200.00
26.8680	16	253.33	40.00	200.00
26.9010	16	253.33	40.00	200.00
26.9350	16	253.33	40.00	200.00
26.9680	16	253.33	40.00	200.00
27.0010	16	253.33	40.00	200.00
27.0340	17	253.33	26.67	200.00
27.0680	17	253.33	26.67	200.00
27.1010	19	253.33	0.00	0.00
27.1310	19	253.33	0.00	0.00
27.1610	19	253.33	0.00	0.00
27.1920	20	253.33	13.33	200.00
27.2250	20	253.33	13.33	200.00
27.2580	21	253.33	26.67	200.00
27.2910	21	253.33	26.67	200.00
27.3250	20	253.33	13.33	200.00
27.3580	20	253.33	13.33	200.00
27.3920	20	253.33	13.33	200.00
27.4240	19	253.33	0.00	0.00
27.4550	19	253.33	0.00	0.00
27.4850	19	253.33	0.00	0.00
27.5150	18	253.33	13.33	200.00
27.5480	18	253.33	13.33	200.00
27.5820	18	253.33	13.33	200.00
27.6150	18	253.33	13.33	200.00
27.6490	18	253.33	13.33	200.00
27.6810	18	253.33	13.33	200.00
27.7150	19	253.33	0.00	0.00
27.7450	19	253.33	0.00	0.00
27.7760	19	253.33	0.00	0.00
27.8050	20	253.33	13.33	200.00
27.8390	20	253.33	13.33	200.00
27.8720	20	253.33	13.33	200.00
27.9060	20	253.33	13.33	200.00
27.9380	20	253.33	13.33	200.00
27.9720	19	253.33	0.00	0.00
28.0020	19	253.33	0.00	0.00
28.0320	19	253.33	0.00	0.00
28.0620	18	253.33	13.33	200.00
28.0950	18	253.33	13.33	200.00
28.1290	18	253.33	13.33	200.00
28.1620	18	253.33	13.33	200.00
28.1950	18	253.33	13.33	200.00
28.2280	19	253.33	0.00	0.00
28.2590	19	253.33	0.00	0.00
28.2890	19	253.33	0.00	0.00
28.3190	19	253.33	0.00	0.00
28.3490	19	253.33	0.00	0.00
28.3800	20	253.33	13.33	200.00
28.4120	19	253.33	0.00	0.00
28.4430	19	253.33	0.00	0.00
28.4730	19	253.33	0.00	0.00
28.5040	19	253.33	0.00	0.00
28.5330	19	253.33	0.00	0.00
28.5630	19	253.33	0.00	0.00
28.5940	19	253.33	0.00	0.00
28.6230	19	253.33	0.00	0.00
28.6540	19	253.33	0.00	0.00
28.6840	19	253.33	0.00	0.00
28.7150	19	253.33	0.00	0.00
28.7440	19	253.33	0.00	0.00
28.7750	19	253.33	0.00	0.00
28.8050	19	253.33	0.00	0.00
28.8340	19	253.33	0.00	0.00
28.8650	19	253.33	0.00	0.00
28.8950	19	253.33	0.00	0.00
28.9250	19	253.33	0.00	0.00
28.9550	19	253.33	0.00	0.00
28.9860	19	253.33	0.00	0.00
29.0160	19	253.33	0.00	0.00
29.0460	19	253.33	0.00	0.00
29.0760	19	253.33	0.00	0.00
29.1070	19	253.33	0.00	0.00
29.1360	19	253.33	0.00	0.00
29.1660	19	253.33	0.00	0.00
29.1970	19	253.33	0.00	0.00
29.2270	19	253.33	0.00	0.00
29.2570	19	253.33	0.00	0.00
29.2870	19	253.33	0.00	0.00
29.3180	19	253.33	0.00	0.00
29.3470	19	253.33	0.00	0.00
29.3780	19	253.33	0.00	0.00
29.4080	19	253.33	0.00	0.00
29.4380	19	253.33	0.00	0.00
29.4680	19	253.33	0.00	0.00
29.4980	19	253.33	0.00	0.00
29.5290	19	253.33	0.00	0.00
29.5580	19	253.33	0.00	0.00
29.5890	19	253.33	0.00	0.00
29.6190	19	253.33	0.00	0.00
29.6490	19	253.33	0.00	0.00
29.6790	19	253.33	0.00	0.00
29.7100	19	253.33	0.00	0.00
29.7400	19	253.33	0.00	0.00
29.7700	19	253.33	0.00	0.00
29.8000	19	253.33	0.00	0.00
29.8300	19	253.33	0.00	0.00
29.8600	19	253.33	0.00	0.00
29.8900	19	253.33	0.00	0.00
29.9210	19	253.33	0.00	0.00
29.9500	19	253.33	0.00	0.00
29.9810	19	253.33	0.00	0.00
30.0110	19	253.33	0.00	0.00
30.0420	19	253.33	0.00	0.00
30.0710	19	253.33	0.00	0.00
30.1020	19	253.33	0.00	0.00
30.1320	19	253.33	0.00	0.00
30.1610	19	253.33	0.00	0.00
30.1920	19	253.33	0.00	0.00
30.2220	19	253.33	0.00	0.00
30.2530	19	253.33	0.00	0.00
30.2820	19	253.33	0.00	0.00
30.3130	19	253.33	0.00	0.00
30.3430	19	253.33	0.00	0.00
30.3730	19	253.33	0.00	0.00
30.4030	19	253.33	0.00	0.00
30.4330	19	253.33	0.00	0.00
30.4640	19	253.33	0.00	0.00
30.4930	19	253.33	0.00	0.00
30.5240	19	253.33	0.00	0.00
30.5540	19	253.33	0.00	0.00
30.5840	19	253.33	0.00	0.00
30.6140	19	253.33	0.00	0.00
30.6450	19	253.33	0.00	0.00
30.6740	19	253.33	0.00	0.00
30.7050	19	253.33	0.00	0.00
30.7350	19	253.33	0.00	0.00
30.7650	19	253.33	0.00	0.00
30.7950	19	253.33	0.00	0.00
30.8250	19	253.33	0.00	0.00
30.8560	19	253.33	0.00	0.00
30.8850	19	253.33	0.00	0.00
30.9160	19	253.33	0.00	0.00
30.9460	19	253.33	0.00	0.00
30.9770	19	253.33	0.00	0.00
31.0060	19	253.33	0.00	0.00
31.0370	19	253.33	0.00	0.00
31.0670	19	253.33	0.00	0.00
31.0960	19	253.33	0.00	0.00
31.1270	19	253.33	0.00	0.00
31.1570	19	253.33	0.00	0.00
31.1870	19	253.33	0.00	0.00
31.2170	19	253.33	0.00	0.00
31.2480	19	253.33	0.00	0.00
31.2780	19	253.33	0.00	0.00
31.3080	19	253.33	0.00	0.00
31.3380	19	253.33	0.00	0.00
31.3690	19	253.33	0.00	0.00
31.3980	19	253.33	0.00	0.00
31.4280	19	253.33	0.00	0.00
31.4590	19	253.33	0.00	0.00
31.4890	19	253.33	0.00	0.00
31.5190	19	253.33	0.00	0.00
31.5490	19	253.33	0.00	0.00
31.5800	19	253.33	0.00	0.00
31.6090	19	253.33	0.00	0.00
31.6400	19	253.33	0.00	0.00
31.6700	19	253.33	0.00	0.00
31.7000	19	253.33	0.00	0.00
31.7300	19	253.33	0.00	0.00
31.7600	19	253.33	0.00	0.00
31.7910	19	253.33	0.00	0.00
31.8200	19	253.33	0.00	0.00
31.8510	19	253.33	0.00	0.00
31.8810	19	253.33	0.00	0.00
31.9110	19	253.33	0.00	0.00
31.9410	19	253.33	0.00	0.00
31.9720	19	253.33	0.00	0.00
32.0020	19	253.33	0.00	0.00
32.0320	19	253.33	0.00	0.00
32.0620	19	253.33	0.00	0.00
32.0920	19	253.33	0.00	0.00
32.1220	19	253.33	0.00	0.00
32.1520	19	253.33	0.00	0.00
32.1830	19	253.33	0.00	0.00
32.2120	19	253.33	0.00	0.00
32.2430	19	253.33	0.00	0.00
32.2730	19	253.33	0.00	0.00
32.3040	19	253.33	0.00	0.00
32.3330	19	253.33	0.00	0.00
32.3630	19	253.33	0.00	0.00
32.3940	19	253.33	0.00	0.00
32.4230	19	253.33	0.00	0.00
32.4540	19	253.33	0.00	0.00
32.4840	19	253.33	0.00	0.00
32.5150	19	253.33	0.00	0.00
32.5440	19	253.33	0.00	0.00
32.5750	19	253.33	0.00	0.00
32.6050	19	253.33	0.00	0.00
32.6350	19	253.33	0.00	0.00
32.6650	19	253.33	0.00	0.00
32.6950	19	253.33	0.00	0.00
32.7260	19	253.33	0.00	0.00
32.7550	19	253.33	0.00	0.00
32.7860	19	253.33	0.00	0.00
32.8160	19	253.33	0.00	0.00
32.8460	19	253.33	0.00	0.00
32.8760	19	253.33	0.00	0.00
32.9070	19	253.33	0.00	0.00
32.9360	19	253.33	0.00	0.00
32.9670	19	253.33	0.00	0.00
32.9970	19	253.33	0.00	0.00
33.0270	19	253.33	0.00	0.00
33.0570	19	253.33	0.00	0.00
33.0870	19	253.33	0.00	0.00
33.1180	19	253.33	0.00	0.00
33.1470	19	253.33	0.00	0.00
33.1780	19	253.33	0.00	0.00
33.2080	19	253.33	0.00	0.00
33.2390	19	253.33	0.00	0.00
33.2680	19	253.33	0.00	0.00
33.2990	19	253.33	0.00	0.00
33.3290	19	253.33	0.00	0.00
33.3580	19	253.33	0.00	0.00
33.3890	19	253.33	0.00	0.00
33.4190	19	253.33	0.00	0.00
33.4490	19	253.33	0.00	0.00
33.4790	19	253.33	0.00	0.00
33.5100	19	253.33	0.00	0.00
33.5400	19	253.33	0.00	0.00
33.5700	19	253.33	0.00	0.00
33.6000	19	253.33	0.00	0.00
33.6310	19	253.33	0.00	0.00
33.6600	19	253.33	0.00	0.00
33.6900	19	253.33	0.00	0.00
33.7210	19	253.33	0.00	0.00
33.7510	19	253.33	0.00	0.00
33.7810	19	253.33	0.00	0.00
33.8110	19	253.33	0.00	0.00
33.8420	19	253.33	0.00	0.00
33.8710	19	253.33	0.00	0.00
33.9020	19	253.33	0.00	0.00
33.9320	19	253.33	0.00	0.00
33.9630	19	253.33	0.00	0.00
33.9920	19	253.33	0.00	0.00
34.0220	19	253.33	0.00	0.00
34.0530	19	253.33	0.00	0.00
34.0820	19	253.33	0.00	0.00
34.1130	19	253.33	0.00	0.00
34.1430	19	253.33	0.00	0.00
34.1730	19	253.33	0.00	0.00
34.2030	19	253.33	0.00	0.00
34.2340	19	253.33	0.00	0.00
34.2640	19	253.33	0.00	0.00
34.2930	19	253.33	0.00	0.00
34.3240	19	253.33	0.00	0.00
34.3540	19	253.33	0.00	0.00
34.3840	19	253.33	0.00	0.00
34.4140	19	253.33	0.00	0.00
34.4450	19	253.33	0.00	0.00
34.4750	19	253.33	0.00	0.00
34.5050	19	253.33	0.00	0.00
34.5350	19	253.33	0.00	0.00
34.5660	19	253.33	0.00	0.00
34.5950	19	253.33	0.00	0.00
34.6250	19	253.33	0.00	0.00
34.6560	19	253.33	0.00	0.00
34.6850	19	253.33	0.00	0.00
34.7160	19	253.33	0.00	0.00
34.7460	19	253.33	0.00	0.00
34.7770	19	253.33	0.00	0.00
34.8060	19	253.33	0.00	0.00
34.8370	19	253.33	0.00	0.00
34.8670	19	253.33	0.00	0.00
34.8970	19	253.33	0.00	0.00
34.9270	19	253.33	0.00	0.00
34.9570	19	253.33	0.00	0.00
34.9880	19	253.33	0.00	0.00
35.0170	19	253.33	0.00	0.00
35.0480	19	253.33	0.00	0.00
35.0780	19	253.33	0.00	0.00
35.1080	19	253.33	0.00	0.00
35.1380	19	253.33	0.00	0.00
35.1690	19	253.33	0.00	0.00
35.1980	19	253.33	0.00	0.00
35.2290	19	253.33	0.00	0.00
35.2590	19	253.33	0.00	0.00
35.2890	19	253.33	0.00	0.00
35.3190	19	253.33	0.00	0.00
35.3490	19	253.33	0.00	0.00
35.3800	19	253.33	0.00	0.00
35.4090	19	253.33	0.00	0.00
35.4400	19	253.33	0.00	0.00
35.4700	19	253.33	0.00	0.00
35.5010	19	253.33	0.00	0.00
35.5300	19	253.33	0.00	0.00
35.5610	19	253.33	0.00	0.00
35.5910	19	253.33	0.00	0.00
35.6200	19	253.33	0.00	0.00
35.6510	19	253.33	0.00	0.00
35.6810	19	253.33	0.00	0.00
35.7120	19	253.33	0.00	0.00
35.7410	19	253.33	0.00	0.00
35.7720	19	253.33	0.00	0.00
35.8020	19	253.33	0.00	0.00
35.8320	19	253.33	0.00	0.00
35.8620	19	253.33	0.00	0.00
35.8930	19	253.33	0.00	0.00
35.9220	19	253.33	0.00	0.00
35.9520	19	253.33	0.00	0.00
35.9830	19	253.33	0.00	0.00
36.0130	19	253.33	0.00	0.00
36.0430	19	253.33	0.00	0.00
36.0730	19	253.33	0.00	0.00
36.1040	19	253.33	0.00	0.00
36.1330	19	253.33	0.00	0.00
36.1640	19	253.33	0.00	0.00
36.1940	19	253.33	0.00	0.00
36.2250	19	133.33	120.00	200.00
36.2580	19	133.33	120.00	200.00
36.2930	19	133.33	120.00	200.00
36.3270	19	133.33	120.00	200.00
36.3620	19	133.33	120.00	200.00
36.3960	18	133.33	106.67	200.00
36.4300	17	133.33	93.33	200.00
36.4630	17	133.33	93.33	200.00
36.4960	16	133.33	80.00	200.00
36.5300	15	133.33	66.67	200.00
36.5620	14	133.33	53.33	200.00
36.5960	13	133.33	40.00	200.00
36.6290	12	133.33	26.67	200.00
36.6630	10	133.33	0.00	0.00
36.6920	9	133.33	13.33	200.00
36.7240	8	133.33	26.67	200.00
36.7570	7	133.33	40.00	200.00
36.7890	7	133.33	40.00	200.00
36.8220	7	133.33	40.00	200.00
36.8530	7	133.33	40.00	200.00
36.8860	6	133.33	53.33	200.00
36.9180	7	133.33	40.00	200.00
36.9510	7	133.33	40.00	200.00
36.9820	7	133.33	40.00	200.00
37.0150	8	133.33	26.67	200.00
37.0470	9	133.33	13.33	200.00
37.0800	10	133.33	0.00	0.00
37.1090	10	133.33	0.00	0.00
37.1400	11	133.33	13.33	200.00
37.1730	11	133.33	13.33	200.00
37.2070	12	133.33	26.67	200.00
37.2390	12	133.33	26.67	200.00
37.2730	12	133.33	26.67	200.00
37.3060	12	133.33	26.67	200.00
37.3400	11	133.33	13.33	200.00
37.3720	11	133.33	13.33	200.00
37.4060	11	133.33	13.33	200.00
37.4390	9	133.33	13.33	200.00
37.4720	9	133.33	13.33	200.00
37.5040	8	133.33	26.67	200.00
37.5360	8	133.33	26.67	200.00
37.5680	8	133.33	26.67	200.00
37.6010	8	133.33	26.67	200.00
37.6330	8	133.33	26.67	200.00
37.6650	9	133.33	13.33	200.00
37.6970	9	133.33	13.33	200.00
37.7300	10	133.33	0.00	0.00
37.7600	10	133.33	0.00	0.00
37.7900	11	133.33	13.33	200.00
37.8230	11	133.33	13.33	200.00
37.8570	11	133.33	13.33	200.00
37.8900	11	133.33	13.33	200.00
37.9230	11	133.33	13.33	200.00
37.9560	11	133.33	13.33	200.00
37.9900	10	133.33	0.00	0.00
38.0200	10	133.33	0.00	0.00
38.0490	10	133.33	0.00	0.00
38.0800	9	133.33	13.33	200.00
38.1120	10	133.33	0.00	0.00
38.1420	10	133.33	0.00	0.00
38.1720	10	133.33	0.00	0.00
38.2030	10	133.33	0.00	0.00
38.2330	10	133.33	0.00	0.00
38.2630	9	133.33	13.33	200.00
38.2950	9	133.33	13.33	200.00
38.3280	9	133.33	13.33	200.00
38.3600	10	133.33	0.00	0.00
38.3900	10	133.33	0.00	0.00
38.4200	11	133.33	13.33	200.00
38.4540	11	133.33	13.33	200.00
38.4870	11	133.33	13.33	200.00
38.5200	10	133.33	0.00	0.00
38.5500	10	133.33	0.00	0.00
38.5800	10	133.33	0.00	0.00
38.6100	10	133.33	0.00	0.00
38.6400	10	133.33	0.00	0.00
38.6710	10	133.33	0.00	0.00
38.7010	10	133.33	0.00	0.00
38.7310	10	133.33	0.00	0.00
38.7610	10	133.33	0.00	0.00
38.7920	10	133.33	0.00	0.00
38.8210	10	133.33	0.00	0.00
38.8510	10	133.33	0.00	0.00
38.8820	10	133.33	0.00	0.00
38.9120	10	133.33	0.00	0.00
38.9420	10	133.33	0.00	0.00
38.9720	10	133.33	0.00	0.00
39.0030	10	133.33	0.00	0.00
39.0320	10	133.33	0.00	0.00
39.0630	10	133.33	0.00	0.00
39.0930	10	133.33	0.00	0.00
39.1230	10	133.33	0.00	0.00
39.1530	10	133.33	0.00	0.00
39.1830	10	133.33	0.00	0.00
39.2140	10	133.33	0.00	0.00
39.2430	10	133.33	0.00	0.00
39.2740	10	133.33	0.00	0.00
39.3040	10	133.33	0.00	0.00
39.3340	10	133.33	0.00	0.00
39.3640	10	133.33	0.00	0.00
39.3950	10	133.33	0.00	0.00
39.4250	10	133.33	0.00	0.00
39.4550	10	133.33	0.00	0.00
39.4850	10	133.33	0.00	0.00
39.5150	10	133.33	0.00	0.00
39.5450	10	133.33	0.00	0.00
39.5750	10	133.33	0.00	0.00
39.6060	10	133.33	0.00	0.00
39.6350	10	133.33	0.00	0.00
39.6660	10	133.33	0.00	0.00
39.6960	10	133.33	0.00	0.00
39.7270	10	133.33	0.00	0.00
39.7560	10	133.33	0.00	0.00
39.7860	10	133.33	0.00	0.00
39.8170	10	133.33	0.00	0.00
39.8460	10	133.33	0.00	0.00
39.8770	10	133.33	0.00	0.00
39.9070	10	133.33	0.00	0.00
39.9380	10	133.33	0.00	0.00
39.9670	10	133.33	0.00	0.00
39.9980	10	133.33	0.00	0.00
40.0280	10	133.33	0.00	0.00
40.0580	10	133.33	0.00	0.00
40.0880	10	133.33	0.00	0.00
40.1180	10	133.33	0.00	0.00
40.1480	10	133.33	0.00	0.00
40.1780	10	133.33	0.00	0.00
40.2090	10	133.33	0.00	0.00
40.2390	10	133.33	0.00	0.00
40.2690	10	133.33	0.00	0.00
40.2990	10	133.33	0.00	0.00
40.3300	10	133.33	0.00	0.00
40.3590	10	133.33	0.00	0.00
40.3900	10	133.33	0.00	0.00
40.4200	10	133.33	0.00	0.00
40.4500	10	133.33	0.00	0.00
40.4800	10	133.33	0.00	0.00
40.5100	10	133.33	0.00	0.00
40.5410	10	133.33	0.00	0.00
40.5700	10	133.33	0.00	0.00
40.6010	10	133.33	0.00	0.00
40.6310	10	133.33	0.00	0.00
40.6620	10	133.33	0.00	0.00
40.6910	10	133.33	0.00	0.00
40.7220	10	133.33	0.00	0.00
40.7520	10	133.33	0.00	0.00
40.7810	10	133.33	0.00	0.00
40.8120	10	133.33	0.00	0.00
40.8420	10	133.33	0.00	0.00
40.8720	10	133.33	0.00	0.00
40.9020	10	133.33	0.00	0.00
40.9330	10	133.33	0.00	0.00
40.9630	10	133.33	0.00	0.00
40.9930	10	133.33	0.00	0.00
41.0230	10	133.33	0.00	0.00
41.0540	10	133.33	0.00	0.00
41.0830	10	133.33	0.00	0.00
41.1130	10	133.33	0.00	0.00
41.1440	10	133.33	0.00	0.00
41.1740	10	133.33	0.00	0.00
41.2040	10	133.33	0.00	0.00
41.2340	10	133.33	0.00	0.00
41.2650	10	133.33	0.00	0.00
41.2940	10	133.33	0.00	0.00
41.3250	10	133.33	0.00	0.00
41.3550	10	133.33	0.00	0.00
41.3850	10	133.33	0.00	0.00
41.4150	10	133.33	0.00	0.00
41.4450	10	133.33	0.00	0.00
41.4760	10	133.33	0.00	0.00
41.5050	10	133.33	0.00	0.00
41.5360	10	133.33	0.00	0.00
41.5660	10	133.33	0.00	0.00
41.5960	10	133.33	0.00	0.00
41.6260	10	133.33	0.00	0.00
41.6570	10	133.33	0.00	0.00
41.6870	10	133.33	0.00	0.00
41.7170	10	133.33	0.00	0.00
41.7470	10	133.33	0.00	0.00
41.7770	10	133.33	0.00	0.00
41.8070	10	133.33	0.00	0.00
41.8370	10	133.33	0.00	0.00
41.8680	10	133.33	0.00	0.00
41.8970	10	133.33	0.00	0.00
41.9280	10	133.33	0.00	0.00
41.9580	10	133.33	0.00	0.00
41.9890	10	133.33	0.00	0.00
42.0180	10	133.33	0.00	0.00
42.0480	10	133.33	0.00	0.00
42.0790	10	133.33	0.00	0.00
42.1080	10	133.33	0.00	0.00
42.1390	10	133.33	0.00	0.00
42.1690	10	133.33	0.00	0.00
42.2000	10	133.33	0.00	0.00
42.2290	10	133.33	0.00	0.00
42.2600	10	133.33	0.00	0.00
42.2900	10	133.33	0.00	0.00
42.3200	10	133.33	0.00	0.00
42.3500	10	133.33	0.00	0.00
42.3800	10	133.33	0.00	0.00
42.4110	10	133.33	0.00	0.00
42.4400	10	133.33	0.00	0.00
42.4710	10	133.33	0.00	0.00
42.5010	10	133.33	0.00	0.00
42.5310	10	133.33	0.00	0.00
42.5610	10	133.33	0.00	0.00
42.5920	10	133.33	0.00	0.00
42.6210	10	133.33	0.00	0.00
42.6520	10	133.33	0.00	0.00
42.6820	10	133.33	0.00	0.00
42.7120	10	133.33	0.00	0.00
42.7420	10	133.33	0.00	0.00
42.7720	10	133.33	0.00	0.00
42.8030	10	133.33	0.00	0.00
42.8320	10	133.33	0.00	0.00
42.8630	10	133.33	0.00	0.00
42.8930	10	133.33	0.00	0.00
42.9240	10	133.33	0.00	0.00
42.9530	10	133.33	0.00	0.00
42.9840	10	133.33	0.00	0.00
43.0140	10	133.33	0.00	0.00
43.0430	10	133.33	0.00	0.00
43.0740	10	133.33	0.00	0.00
43.1040	10	133.33	0.00	0.00
43.1340	10	133.33	0.00	0.00
43.1640	10	133.33	0.00	0.00
43.1950	10	133.33	0.00	0.00
43.2250	10	133.33	0.00	0.00
43.2550	10	133.33	0.00	0.00
43.2850	10	133.33	0.00	0.00
43.3160	10	133.33	0.00	0.00
43.3450	10	133.33	0.00	0.00
43.3750	10	133.33	0.00	0.00
43.4060	10	133.33	0.00	0.00
43.4360	10	133.33	0.00	0.00
43.4660	10	133.33	0.00	0.00
43.4960	10	133.33	0.00	0.00
43.5270	10	133.33	0.00	0.00
43.5560	10	133.33	0.00	0.00
43.5870	10	133.33	0.00	0.00
43.6170	10	133.33	0.00	0.00
43.6460	10	133.33	0.00	0.00
43.6770	10	133.33	0.00	0.00
43.7070	10	133.33	0.00	0.00
43.7380	10	133.33	0.00	0.00
43.7670	10	133.33	0.00	0.00
43.7980	10	133.33	0.00	0.00
43.8280	10	133.33	0.00	0.00
43.8580	10	133.33	0.00	0.00
43.8880	10	133.33	0.00	0.00
43.9190	10	133.33	0.00	0.00
43.9490	10	133.33	0.00	0.00
43.9780	10	133.33	0.00	0.00
44.0090	10	133.33	0.00	0.00
44.0390	10	133.33	0.00	0.00
44.0690	10	133.33	0.00	0.00
44.0990	10	133.33	0.00	0.00
44.1300	10	133.33	0.00	0.00
44.1600	10	133.33	0.00	0.00
44.1900	10	133.33	0.00	0.00
44.2200	10	133.33	0.00	0.00
44.2510	10	133.33	0.00	0.00
44.2800	10	133.33	0.00	0.00
44.3100	10	133.33	0.00	0.00
44.3410	10	133.33	0.00	0.00
44.3700	10	133.33	0.00	0.00
44.4010	10	133.33	0.00	0.00
44.4310	10	133.33	0.00	0.00
44.4620	10	133.33	0.00	0.00
44.4910	10	133.33	0.00	0.00
44.5220	10	133.33	0.00	0.00
44.5520	10	133.33	0.00	0.00
44.5820	10	133.33	0.00	0.00
44.6120	10	133.33	0.00	0.00
44.6420	10	133.33	0.00	0.00
44.6730	10	133.33	0.00	0.00
44.7020	10	133.33	0.00	0.00
44.7330	10	133.33	0.00	0.00
44.7630	10	133.33	0.00	0.00
44.7930	10	133.33	0.00	0.00
44.8230	10	133.33	0.00	0.00
44.8540	10	133.33	0.00	0.00
44.8830	10	133.33	0.00	0.00
44.9140	10	133.33	0.00	0.00
44.9440	10	133.33	0.00	0.00
44.9740	10	133.33	0.00	0.00
45.0040	10	133.33	0.00	0.00
45.0340	10	133.33	0.00	0.00
45.0650	10	133.33	0.00	0.00
45.0940	10	133.33	0.00	0.00
45.1250	10	133.33	0.00	0.00
45.1550	10	133.33	0.00	0.00
45.1860	10	133.33	0.00	0.00
45.2150	10	133.33	0.00	0.00
45.2460	10	133.33	0.00	0.00
45.2760	10	133.33	0.00	0.00
45.3050	10	133.33	0.00	0.00
45.3360	10	133.33	0.00	0.00
45.3660	10	133.33	0.00	0.00
45.3960	10	133.33	0.00	0.00
45.4260	10	133.33	0.00	0.00
45.4570	10	133.33	0.00	0.00
45.4870	10	133.33	0.00	0.00
45.5170	10	253.33	120.00	200.00
45.5510	10	253.33	120.00	200.00
45.5860	10	253.33	120.00	200.00
45.6200	10	253.33	120.00	200.00
45.6550	11	253.33	106.67	200.00
45.6880	11	253.33	106.67	200.00
45.7230	11	253.33	106.67	200.00
45.7570	12	253.33	93.33	200.00
45.7910	13	253.33	80.00	200.00
45.8240	14	253.33	66.67	200.00
45.8570	15	253.33	53.33	200.00
45.8910	15	253.33	53.33	200.00
45.9240	16	253.33	40.00	200.00
45.9580	17	253.33	26.67	200.00
45.9900	19	253.33	0.00	0.00
46.0210	20	253.33	13.33	200.00
46.0540	21	253.33	26.67	200.00
46.0880	21	253.33	26.67	200.00
46.1200	22	253.33	40.00	200.00
46.1540	22	253.33	40.00	200.00
46.1870	22	253.33	40.00	200.00
46.2210	23	253.33	53.33	200.00
46.2540	22	253.33	40.00	200.00
46.2870	22	253.33	40.00	200.00
46.3200	21	253.33	26.67	200.00
46.3540	21	253.33	26.67	200.00
46.3870	20	253.33	13.33	200.00
46.4200	19	253.33	0.00	0.00
46.4500	18	253.33	13.33	200.00
46.4840	17	253.33	26.67	200.00
46.5170	17	253.33	26.67	200.00
46.5500	16	253.33	40.00	200.00
46.5830	16	253.33	40.00	200.00
46.6160	16	253.33	40.00	200.00
46.6500	16	253.33	40.00	200.00
46.6830	16	253.33	40.00	200.00
46.7160	16	253.33	40.00	200.00
46.7500	17	253.33	26.67	200.00
46.7830	17	253.33	26.67	200.00
46.8170	18	253.33	13.33	200.00
46.8500	19	253.33	0.00	0.00
46.8800	20	253.33	13.33	200.00
46.9130	20	253.33	13.33	200.00
46.9470	21	253.33	26.67	200.00
46.9800	21	253.33	26.67	200.00
47.0130	22	253.33	40.00	200.00
47.0460	22	253.33	40.00	200.00
47.0800	22	253.33	40.00	200.00
47.1130	21	253.33	26.67	200.00
47.1470	20	253.33	13.33	200.00
47.1790	20	253.33	13.33	200.00
47.2130	19	253.33	0.00	0.00
47.2430	18	253.33	13.33	200.00
47.2760	18	253.33	13.33	200.00
47.3090	17	253.33	26.67	200.00
47.3420	17	253.33	26.67	200.00
47.3760	16	253.33	40.00	200.00
47.4090	16	253.33	40.00	200.00
47.4420	17	253.33	26.67	200.00
47.4750	17	253.33	26.67	200.00
47.5090	17	253.33	26.67	200.00
47.5420	18	253.33	13.33	200.00
47.5760	18	253.33	13.33	200.00
47.6090	19	253.33	0.00	0.00
47.6390	20	253.33	13.33	200.00
47.6730	21	253.33	26.67	200.00
47.7060	21	253.33	26.67	200.00
47.7390	21	253.33	26.67	200.00
47.7720	21	253.33	26.67	200.00
47.8060	21	253.33	26.67	200.00
47.8390	21	253.33	26.67	200.00
47.8730	20	253.33	13.33	200.00
47.9050	20	253.33	13.33	200.00
47.9390	19	253.33	0.00	0.00
47.9690	19	253.33	0.00	0.00
47.9980	18	253.33	13.33	200.00
48.0320	17	253.33	26.67	200.00
48.0650	17	253.33	26.67	200.00
48.0990	17	253.33	26.67	200.00
48.1320	17	253.33	26.67	200.00
48.1650	17	253.33	26.67	200.00
48.1980	18	253.33	13.33	200.00
48.2320	18	253.33	13.33	200.00
48.2650	18	253.33	13.33	200.00
48.2990	19	253.33	0.00	0.00
48.3280	20	253.33	13.33	200.00
48.3620	20	253.33	13.33	200.00
48.3950	21	253.33	26.67	200.00
48.4290	21	253.33	26.67	200.00
48.4610	21	253.33	26.67	200.00
48.4950	20	253.33	13.33	200.00
48.5280	20	253.33	13.33	200.00
48.5620	20	253.33	13.33	200.00
48.5940	19	253.33	0.00	0.00
48.6250	19	253.33	0.00	0.00
48.6550	18	253.33	13.33	200.00
48.6890	18	253.33	13.33	200.00
48.7210	17	253.33	26.67	200.00
48.7550	17	253.33	26.67	200.00
48.7880	17	253.33	26.67	200.00
48.8220	17	253.33	26.67	200.00
48.8550	18	253.33	13.33	200.00
48.8880	18	253.33	13.33	200.00
48.9210	19	253.33	0.00	0.00
48.9520	19	253.33	0.00	0.00
48.9820	20	253.33	13.33	200.00
49.0150	20	253.33	13.33	200.00
49.0480	20	253.33	13.33	200.00
49.0820	20	253.33	13.33	200.00
49.1150	21	253.33	26.67	200.00
49.1480	20	253.33	13.33	200.00
49.1810	19	253.33	0.00	0.00
49.2120	19	253.33	0.00	0.00
49.2420	19	253.33	0.00	0.00
49.2710	18	253.33	13.33	200.00
49.3050	18	253.33	13.33	200.00
49.3390	19	253.33	0.00	0.00
49.3690	19	253.33	0.00	0.00
49.3980	18	253.33	13.33	200.00
49.4320	18	253.33	13.33	200.00
49.4650	18	253.33	13.33	200.00
49.4990	19	253.33	0.00	0.00
49.5280	20	253.33	13.33	200.00
49.5620	19	253.33	0.00	0.00
49.5920	20	253.33	13.33	200.00
49.6260	20	253.33	13.33	200.00
49.6580	20	253.33	13.33	200.00
49.6920	19	253.33	0.00	0.00
49.7220	19	253.33	0.00	0.00
49.7530	19	253.33	0.00	0.00
49.7820	19	253.33	0.00	0.00
49.8130	19	253.33	0.00	0.00
49.8430	19	253.33	0.00	0.00
49.8730	19	253.33	0.00	0.00
49.9030	19	253.33	0.00	0.00
49.9330	19	253.33	0.00	0.00
49.9640	19	253.33	0.00	0.00
49.9930	19	253.33	0.00	0.00
50.0240	19	253.33	0.00	0.00
50.0540	19	253.33	0.00	0.00
50.0840	19	253.33	0.00	0.00
50.1140	19	253.33	0.00	0.00
50.1450	19	253.33	0.00	0.00
50.1740	19	253.33	0.00	0.00
50.2050	19	253.33	0.00	0.00
50.2350	19	253.33	0.00	0.00
50.2650	19	253.33	0.00	0.00
50.2950	19	253.33	0.00	0.00
50.3250	19	253.33	0.00	0.00
50.3560	19	253.33	0.00	0.00
50.3850	19	253.33	0.00	0.00
50.4160	19	253.33	0.00	0.00
50.4460	19	253.33	0.00	0.00
50.4770	19	253.33	0.00	0.00
50.5060	19	253.33	0.00	0.00
50.5370	19	253.33	0.00	0.00
50.5670	19	253.33	0.00	0.00
50.5960	19	253.33	0.00	0.00
50.6270	19	253.33	0.00	0.00
50.6570	19	253.33	0.00	0.00
50.6880	19	253.33	0.00	0.00
50.7170	19	253.33	0.00	0.00
50.7480	19	253.33	0.00	0.00
50.7780	19	253.33	0.00	0.00
50.8080	19	253.33	0.00	0.00
50.8380	19	253.33	0.00	0.00
50.8680	19	253.33	0.00	0.00
50.8980	19	253.33	0.00	0.00
50.9280	19	253.33	0.00	0.00
50.9590	19	253.33	0.00	0.00
50.9890	19	253.33	0.00	0.00
51.0190	19	253.33	0.00	0.00
51.0490	19	253.33	0.00	0.00
51.0800	19	253.33	0.00	0.00
51.1090	19	253.33	0.00	0.00
51.1400	19	253.33	0.00	0.00
51.1700	19	253.33	0.00	0.00
51.2000	19	253.33	0.00	0.00
51.2300	19	253.33	0.00	0.00
51.2600	19	253.33	0.00	0.00
51.2910	19	253.33	0.00	0.00
51.3200	19	253.33	0.00	0.00
51.3510	19	253.33	0.00	0.00
51.3810	19	253.33	0.00	0.00
51.4110	19	253.33	0.00	0.00
51.4410	19	253.33	0.00	0.00
51.4720	19	253.33	0.00	0.00
51.5020	19	253.33	0.00	0.00
51.5310	19	253.33	0.00	0.00
51.5620	19	253.33	0.00	0.00
51.5920	19	253.33	0.00	0.00
51.6220	19	253.33	0.00	0.00
51.6520	19	253.33	0.00	0.00
51.6830	19	253.33	0.00	0.00
51.7130	19	253.33	0.00	0.00
51.7430	19	253.33	0.00	0.00
51.7730	19	253.33	0.00	0.00
51.8040	19	253.33	0.00	0.00
51.8330	19	253.33	0.00	0.00
51.8630	19	253.33	0.00	0.00
51.8940	19	253.33	0.00	0.00
51.9230	19	253.33	0.00	0.00
51.9540	19	253.33	0.00	0.00
51.9840	19	253.33	0.00	0.00
52.0150	19	253.33	0.00	0.00
52.0440	19	253.33	0.00	0.00
52.0750	19	253.33	0.00	0.00
52.1050	19	253.33	0.00	0.00
52.1350	19	253.33	0.00	0.00
52.1650	19	253.33	0.00	0.00
52.1950	19	253.33	0.00	0.00
52.2260	19	253.33	0.00	0.00
52.2550	19	253.33	0.00	0.00
52.2860	19	253.33	0.00	0.00
52.3160	19	253.33	0.00	0.00
52.3460	19	253.33	0.00	0.00
52.3760	19	253.33	0.00	0.00
52.4070	19	253.33	0.00	0.00
52.4360	19	253.33	0.00	0.00
52.4670	19	253.33	0.00	0.00
52.4970	19	253.33	0.00	0.00
52.5270	19	253.33	0.00	0.00
52.5570	19	253.33	0.00	0.00
52.5870	19	253.33	0.00	0.00
52.6180	19	253.33	0.00	0.00
52.6470	19	253.33	0.00	0.00
52.6780	19	253.33	0.00	0.00
52.7080	19	253.33	0.00	0.00
52.7390	19	253.33	0.00	0.00
52.7680	19	253.33	0.00	0.00
52.7980	19	253.33	0.00	0.00
52.8290	19	253.33	0.00	0.00
52.8580	19	253.33	0.00	0.00
52.8890	19	253.33	0.00	0.00
52.9190	19	253.33	0.00	0.00
52.9500	19	253.33	0.00	0.00
52.9790	19	253.33	0.00	0.00
53.0100	19	253.33	0.00	0.00
53.0400	19	253.33	0.00	0.00
53.0700	19	253.33	0.00	0.00
53.1000	19	253.33	0.00	0.00
53.1300	19	253.33	0.00	0.00
53.1600	19	253.33	0.00	0.00
53.1900	19	253.33	0.00	0.00
53.2210	19	253.33	0.00	0.00
53.2510	19	253.33	0.00	0.00
53.2810	19	253.33	0.00	0.00
53.3110	19	253.33	0.00	0.00
53.3420	19	253.33	0.00	0.00
53.3710	19	253.33	0.00	0.00
53.4020	19	253.33	0.00	0.00
53.4320	19	253.33	0.00	0.00
53.4620	19	253.33	0.00	0.00
53.4920	18	253.33	13.33	200.00
53.5250	19	253.33	0.00	0.00
53.5560	19	253.33	0.00	0.00
53.5850	19	253.33	0.00	0.00
53.6160	19	253.33	0.00	0.00
53.6460	19	253.33	0.00	0.00
53.6770	19	253.33	0.00	0.00
53.7060	19	253.33	0.00	0.00
53.7370	19	253.33	0.00	0.00
53.7670	19	253.33	0.00	0.00
53.7970	19	253.33	0.00	0.00
53.8270	19	253.33	0.00	0.00
53.8570	19	253.33	0.00	0.00
53.8880	19	253.33	0.00	0.00
53.9170	19	253.33	0.00	0.00
53.9480	19	253.33	0.00	0.00
53.9780	19	253.33	0.00	0.00
54.0080	19	253.33	0.00	0.00
54.0380	19	253.33	0.00	0.00
54.0690	19	253.33	0.00	0.00
54.0980	19	253.33	0.00	0.00
54.1280	19	253.33	0.00	0.00
54.1590	19	253.33	0.00	0.00
54.1890	19	253.33	0.00	0.00
54.2190	19	253.33	0.00	0.00
54.2490	19	253.33	0.00	0.00
54.2800	19	253.33	0.00	0.00
54.3090	19	253.33	0.00	0.00
54.3400	19	253.33	0.00	0.00
54.3700	19	253.33	0.00	0.00
54.4010	19	253.33	0.00	0.00
54.4300	19	253.33	0.00	0.00
54.4600	19	253.33	0.00	0.00
54.4910	19	253.33	0.00	0.00
54.5200	19	253.33	0.00	0.00
54.5510	19	253.33	0.00	0.00
54.5810	19	253.33	0.00	0.00
54.6110	19	253.33	0.00	0.00
54.6410	19	253.33	0.00	0.00
54.6720	19	253.33	0.00	0.00
54.7020	19	253.33	0.00	0.00
54.7320	19	253.33	0.00	0.00
54.7620	19	253.33	0.00	0.00
54.7920	19	253.33	0.00	0.00
54.8220	19	253.33	0.00	0.00
54.8520	19	253.33	0.00	0.00
54.8830	19	253.33	0.00	0.00
54.9130	19	253.33	0.00	0.00
54.9430	19	253.33	0.00	0.00
54.9730	19	253.33	0.00	0.00
55.0040	19	253.33	0.00	0.00
55.0330	19	253.33	0.00	0.00
55.0640	19	253.33	0.00	0.00
55.0940	19	253.33	0.00	0.00
55.1230	19	253.33	0.00	0.00
55.1540	19	253.33	0.00	0.00
55.1840	19	253.33	0.00	0.00
55.2150	19	253.33	0.00	0.00
55.2440	19	253.33	0.00	0.00
55.2750	19	253.33	0.00	0.00
55.3050	19	253.33	0.00	0.00
55.3350	19	253.33	0.00	0.00
55.3650	19	253.33	0.00	0.00
55.3960	19	253.33	0.00	0.00
55.4260	19	253.33	0.00	0.00
55.4550	19	253.33	0.00	0.00
55.4860	19	253.33	0.00	0.00
55.5160	19	253.33	0.00	0.00
